ALL
Accuracy: 0.5833333333333334
Confusion Matrix:
 [[1 4]
 [1 6]]
Classification Report:
               precision    recall  f1-score   support

         0.0       0.50      0.20      0.29         5
         1.0       0.60      0.86      0.71         7

    accuracy                           0.58        12
   macro avg       0.55      0.53      0.50        12
weighted avg       0.56      0.58      0.53        12

モデルの係数:
[[ 0.02843283  0.28156251 -0.51923881  0.89942045 -0.57361749  0.72580504
  -0.28562416 -0.22641072 -0.94012073 -0.00633159 -0.06762173  0.22374683
  -0.00962423 -0.30859925  0.01926092]]

Internet 

Accuracy: 0.75
Confusion Matrix:
 [[0 1]
 [0 3]]
Classification Report:
               precision    recall  f1-score   support

         0.0       0.00      0.00      0.00         1
         1.0       0.75      1.00      0.86         3

    accuracy                           0.75         4
   macro avg       0.38      0.50      0.43         4
weighted avg       0.56      0.75      0.64         4

モデルの係数:
[[-0.23667318  0.59238015 -0.25004099  0.30990552 -0.37120525  1.03219238
  -0.17644064  0.8586822   0.08925722 -0.04045543 -0.37163245  0.56556083
   0.38618258  0.47404439  0.02903727]]

fitness

Accuracy: 0.0
Confusion Matrix:
 [[0 2]
 [2 0]]
Classification Report:
               precision    recall  f1-score   support

         0.0       0.00      0.00      0.00       2.0
         1.0       0.00      0.00      0.00       2.0

    accuracy                           0.00       4.0
   macro avg       0.00      0.00      0.00       4.0
weighted avg       0.00      0.00      0.00       4.0

モデルの係数:
[[ 0.6787514   0.52177176 -0.4263291   0.54438545 -0.73121679  0.58596185
  -0.10344265 -0.30121868 -1.08783547  0.18609768 -0.0046935  -0.31476102
  -0.10806278  0.02214525  0.05062809]]


Charitiy